TOTAL POTENTIALS
   -100.00   -100.00    -90.00    -80.00   4.65342E+01 0.0
   -100.00   -100.00    -80.00    -70.00   8.61933E+00 0.0
   -100.00   -100.00    -70.00    -60.00   2.55830E+00 0.0
   -100.00   -100.00    -60.00    -50.00   1.12102E+00 0.0
   -100.00   -100.00    -50.00    -40.00   5.96829E-01 0.0
   -100.00   -100.00    -40.00    -30.00   2.93281E-01 0.0
    -90.00    -90.00    -80.00    -70.00   5.32034E+01 0.0
    -90.00    -90.00    -70.00    -60.00   9.48583E+00 0.0
    -90.00    -90.00    -60.00    -50.00   2.71877E+00 0.0
    -90.00    -90.00    -50.00    -40.00   1.11762E+00 0.0
    -90.00    -90.00    -40.00    -30.00   4.90742E-01 0.0
    -90.00    -90.00    -30.00    -20.00   1.71911E-01 0.0
    -80.00    -80.00    -70.00    -60.00   5.34094E+01 0.0
    -80.00    -80.00    -60.00    -50.00   9.55166E+00 0.0
    -80.00    -80.00    -50.00    -40.00   2.69117E+00 0.0
    -80.00    -80.00    -40.00    -30.00   9.58763E-01 0.0
    -80.00    -80.00    -30.00    -20.00   3.08541E-01 0.0
    -80.00    -80.00    -20.00    -10.00   1.76286E-01 0.0
    -70.00    -70.00    -60.00    -50.00   5.34953E+01 0.0
    -70.00    -70.00    -50.00    -40.00   9.53523E+00 0.0
    -70.00    -70.00    -40.00    -30.00   2.46010E+00 0.0
    -70.00    -70.00    -30.00    -20.00   6.76761E-01 0.0
    -70.00    -70.00    -20.00    -10.00   3.43441E-01 0.0
    -70.00    -70.00    -10.00      0.00   2.29551E-01 0.0
    -60.00    -60.00    -50.00    -40.00   5.35334E+01 0.0
    -60.00    -60.00    -40.00    -30.00   9.18095E+00 0.0
    -60.00    -60.00    -30.00    -20.00   1.99614E+00 0.0
    -60.00    -60.00    -20.00    -10.00   8.58554E-01 0.0
    -60.00    -60.00    -10.00      0.00   2.68684E-01 0.0
    -60.00    -60.00      0.00     10.00   4.00125E-01 0.0
    -50.00    -50.00    -40.00    -30.00   5.28767E+01 0.0
    -50.00    -50.00    -30.00    -20.00   8.34765E+00 0.0
    -50.00    -50.00    -20.00    -10.00   2.90921E+00 0.0
    -50.00    -50.00    -10.00      0.00   3.26256E-01 0.0
    -50.00    -50.00      0.00     10.00   4.57015E-01 0.0
    -50.00    -50.00     10.00     20.00   1.81230E-01 0.0
    -40.00    -40.00    -30.00    -20.00   5.12360E+01 0.0
    -40.00    -40.00    -20.00    -10.00   1.32237E+01 0.0
    -40.00    -40.00    -10.00      0.00   4.27457E-01 0.0
    -40.00    -40.00      0.00     10.00   5.24270E-01 0.0
    -40.00    -40.00     10.00     20.00   2.03541E-01 0.0
    -40.00    -40.00     20.00     30.00   8.13442E-02 0.0
    -30.00    -30.00    -20.00    -10.00   7.54508E+01 0.0
    -30.00    -30.00    -10.00      0.00   6.38207E-01 0.0
    -30.00    -30.00      0.00     10.00   5.97738E-01 0.0
    -30.00    -30.00     10.00     20.00   2.25259E-01 0.0
    -30.00    -30.00     20.00     30.00   8.90010E-02 0.0
    -30.00    -30.00     30.00     40.00   3.49357E-02 0.0
    -20.00    -20.00    -10.00      0.00   1.13227E+00 0.0
    -20.00    -20.00      0.00     10.00   6.79843E-01 0.0
    -20.00    -20.00     10.00     20.00   2.45366E-01 0.0
    -20.00    -20.00     20.00     30.00   9.56510E-02 0.0
    -20.00    -20.00     30.00     40.00   3.70371E-02 0.0
    -20.00    -20.00     40.00     50.00   1.92828E-02 0.0
    -10.00    -10.00      0.00     10.00   1.61974E+00 0.0
    -10.00    -10.00     10.00     20.00   3.94107E-01 0.0
    -10.00    -10.00     20.00     30.00   1.38273E-01 0.0
    -10.00    -10.00     30.00     40.00   4.92704E-02 0.0
    -10.00    -10.00     40.00     50.00   2.36983E-02 0.0
    -10.00    -10.00     50.00     60.00   1.49380E-02 0.0
      0.00      0.00     10.00     20.00   3.98278E+00 0.0
      0.00      0.00     20.00     30.00   9.23196E-01 0.0
      0.00      0.00     30.00     40.00   2.47939E-01 0.0
      0.00      0.00     40.00     50.00   8.98968E-02 0.0
      0.00      0.00     50.00     60.00   4.30606E-02 0.0
      0.00      0.00     60.00     70.00   4.27096E-02 0.0
     10.00     10.00     20.00     30.00   6.67802E+00 0.0
     10.00     10.00     30.00     40.00   1.26620E+00 0.0
     10.00     10.00     40.00     50.00   3.74720E-01 0.0
     10.00     10.00     50.00     60.00   1.50096E-01 0.0
     10.00     10.00     60.00     70.00   1.22540E-01 0.0
     10.00     10.00     70.00     80.00   9.63123E-02 0.0
     20.00     20.00     30.00     40.00   4.88205E+00 0.0
     20.00     20.00     40.00     50.00   1.12489E+00 0.0
     20.00     20.00     50.00     60.00   3.91582E-01 0.0
     20.00     20.00     60.00     70.00   2.80922E-01 0.0
     20.00     20.00     70.00     80.00   1.86927E-01 0.0
     20.00     20.00     80.00     90.00   1.38783E-01 0.0
     30.00     30.00     40.00     50.00   4.56055E+00 0.0
     30.00     30.00     50.00     60.00   1.22069E+00 0.0
     30.00     30.00     60.00     70.00   7.60059E-01 0.0
     30.00     30.00     70.00     80.00   4.35114E-01 0.0
     30.00     30.00     80.00     90.00   2.73534E-01 0.0
     30.00     30.00     90.00    100.00   1.91717E-01 0.0
     40.00     40.00     50.00     60.00   4.02610E+00 0.0
     40.00     40.00     60.00     70.00   1.88951E+00 0.0
     40.00     40.00     70.00     80.00   9.28387E-01 0.0
     40.00     40.00     80.00     90.00   5.19557E-01 0.0
     40.00     40.00     90.00    100.00   3.27829E-01 0.0
     50.00     50.00     60.00     70.00   5.57315E+00 0.0
     50.00     50.00     70.00     80.00   1.88305E+00 0.0
     50.00     50.00     80.00     90.00   9.11779E-01 0.0
     50.00     50.00     90.00    100.00   5.26889E-01 0.0
     60.00     60.00     70.00     80.00   4.41226E+00 0.0
     60.00     60.00     80.00     90.00   1.59062E+00 0.0
     60.00     60.00     90.00    100.00   8.15661E-01 0.0
     70.00     70.00     80.00     90.00   4.33220E+00 0.0
     70.00     70.00     90.00    100.00   1.59547E+00 0.0
     80.00     80.00     90.00    100.00   4.39978E+00 0.0
