APPARENT CHARGEABILITIES
IPTYPE=1
   -100.00   -100.00    -90.00    -80.00   4.43921E-02 0.0
   -100.00   -100.00    -80.00    -70.00   3.15922E-02 0.0
   -100.00   -100.00    -70.00    -60.00   1.54933E-02 0.0
   -100.00   -100.00    -60.00    -50.00   4.43935E-03 0.0
   -100.00   -100.00    -50.00    -40.00   5.81203E-05 0.0
   -100.00   -100.00    -40.00    -30.00  -5.57781E-04 0.0
    -90.00    -90.00    -80.00    -70.00   4.50473E-02 0.0
    -90.00    -90.00    -70.00    -60.00   3.26943E-02 0.0
    -90.00    -90.00    -60.00    -50.00   1.65583E-02 0.0
    -90.00    -90.00    -50.00    -40.00   5.20717E-03 0.0
    -90.00    -90.00    -40.00    -30.00   8.11835E-04 0.0
    -90.00    -90.00    -30.00    -20.00   1.59945E-03 0.0
    -80.00    -80.00    -70.00    -60.00   4.49686E-02 0.0
    -80.00    -80.00    -60.00    -50.00   3.25200E-02 0.0
    -80.00    -80.00    -50.00    -40.00   1.66582E-02 0.0
    -80.00    -80.00    -40.00    -30.00   6.19512E-03 0.0
    -80.00    -80.00    -30.00    -20.00   3.38561E-03 0.0
    -80.00    -80.00    -20.00    -10.00   1.44051E-02 0.0
    -70.00    -70.00    -60.00    -50.00   4.48861E-02 0.0
    -70.00    -70.00    -50.00    -40.00   3.24889E-02 0.0
    -70.00    -70.00    -40.00    -30.00   1.80426E-02 0.0
    -70.00    -70.00    -30.00    -20.00   1.01712E-02 0.0
    -70.00    -70.00    -20.00    -10.00   1.19355E-02 0.0
    -70.00    -70.00    -10.00      0.00   4.30764E-02 0.0
    -60.00    -60.00    -50.00    -40.00   4.48236E-02 0.0
    -60.00    -60.00    -40.00    -30.00   3.34484E-02 0.0
    -60.00    -60.00    -30.00    -20.00   2.27883E-02 0.0
    -60.00    -60.00    -20.00    -10.00   1.53505E-02 0.0
    -60.00    -60.00    -10.00      0.00   5.03832E-02 0.0
    -60.00    -60.00      0.00     10.00   4.32822E-02 0.0
    -50.00    -50.00    -40.00    -30.00   4.51292E-02 0.0
    -50.00    -50.00    -30.00    -20.00   3.67755E-02 0.0
    -50.00    -50.00    -20.00    -10.00   2.45743E-02 0.0
    -50.00    -50.00    -10.00      0.00   5.87638E-02 0.0
    -50.00    -50.00      0.00     10.00   5.00415E-02 0.0
    -50.00    -50.00     10.00     20.00   4.96424E-02 0.0
    -40.00    -40.00    -30.00    -20.00   4.64519E-02 0.0
    -40.00    -40.00    -20.00    -10.00   3.53356E-02 0.0
    -40.00    -40.00    -10.00      0.00   6.65722E-02 0.0
    -40.00    -40.00      0.00     10.00   5.72662E-02 0.0
    -40.00    -40.00     10.00     20.00   5.56407E-02 0.0
    -40.00    -40.00     20.00     30.00   6.78802E-02 0.0
    -30.00    -30.00    -20.00    -10.00   4.37322E-02 0.0
    -30.00    -30.00    -10.00      0.00   6.93840E-02 0.0
    -30.00    -30.00      0.00     10.00   6.41335E-02 0.0
    -30.00    -30.00     10.00     20.00   6.10439E-02 0.0
    -30.00    -30.00     20.00     30.00   7.23954E-02 0.0
    -30.00    -30.00     30.00     40.00   8.90259E-02 0.0
    -20.00    -20.00    -10.00      0.00   6.40353E-02 0.0
    -20.00    -20.00      0.00     10.00   7.01605E-02 0.0
    -20.00    -20.00     10.00     20.00   6.54702E-02 0.0
    -20.00    -20.00     20.00     30.00   7.59487E-02 0.0
    -20.00    -20.00     30.00     40.00   9.18086E-02 0.0
    -20.00    -20.00     40.00     50.00   9.87599E-02 0.0
    -10.00    -10.00      0.00     10.00   7.59924E-02 0.0
    -10.00    -10.00     10.00     20.00   7.26353E-02 0.0
    -10.00    -10.00     20.00     30.00   8.12421E-02 0.0
    -10.00    -10.00     30.00     40.00   9.56976E-02 0.0
    -10.00    -10.00     40.00     50.00   1.02784E-01 0.0
    -10.00    -10.00     50.00     60.00   1.01163E-01 0.0
      0.00      0.00     10.00     20.00   4.36927E-03 0.0
      0.00      0.00     20.00     30.00   1.34408E-02 0.0
      0.00      0.00     30.00     40.00   2.98501E-02 0.0
      0.00      0.00     40.00     50.00   4.55068E-02 0.0
      0.00      0.00     50.00     60.00   5.70618E-02 0.0
      0.00      0.00     60.00     70.00   6.53602E-02 0.0
     10.00     10.00     20.00     30.00   2.40416E-03 0.0
     10.00     10.00     30.00     40.00   1.08706E-02 0.0
     10.00     10.00     40.00     50.00   2.07825E-02 0.0
     10.00     10.00     50.00     60.00   2.99044E-02 0.0
     10.00     10.00     60.00     70.00   3.94783E-02 0.0
     10.00     10.00     70.00     80.00   4.93737E-02 0.0
     20.00     20.00     30.00     40.00   3.26297E-03 0.0
     20.00     20.00     40.00     50.00   8.36761E-03 0.0
     20.00     20.00     50.00     60.00   1.39396E-02 0.0
     20.00     20.00     60.00     70.00   2.09392E-02 0.0
     20.00     20.00     70.00     80.00   3.08277E-02 0.0
     20.00     20.00     80.00     90.00   4.05633E-02 0.0
     30.00     30.00     40.00     50.00   1.60561E-03 0.0
     30.00     30.00     50.00     60.00   3.87220E-03 0.0
     30.00     30.00     60.00     70.00   7.33070E-03 0.0
     30.00     30.00     70.00     80.00   1.35618E-02 0.0
     30.00     30.00     80.00     90.00   2.20574E-02 0.0
     30.00     30.00     90.00    100.00   3.03057E-02 0.0
     40.00     40.00     50.00     60.00   8.12998E-04 0.0
     40.00     40.00     60.00     70.00   2.39916E-03 0.0
     40.00     40.00     70.00     80.00   5.92606E-03 0.0
     40.00     40.00     80.00     90.00   1.17045E-02 0.0
     40.00     40.00     90.00    100.00   1.84625E-02 0.0
     50.00     50.00     60.00     70.00   6.18812E-04 0.0
     50.00     50.00     70.00     80.00   2.63306E-03 0.0
     50.00     50.00     80.00     90.00   6.56170E-03 0.0
     50.00     50.00     90.00    100.00   1.17100E-02 0.0
     60.00     60.00     70.00     80.00   1.00869E-03 0.0
     60.00     60.00     80.00     90.00   3.67263E-03 0.0
     60.00     60.00     90.00    100.00   7.62751E-03 0.0
     70.00     70.00     80.00     90.00   1.26923E-03 0.0
     70.00     70.00     90.00    100.00   3.83504E-03 0.0
     80.00     80.00     90.00    100.00   1.29841E-03 0.0
