   48   27
  7.01212E-08  9.59412E-07  1.43766E-05  3.05894E-03  4.44774E-03  2.16465E-02  2.27143E-02  2.74361E-02  2.85783E-02  3.11621E-02  3.14046E-02  3.17918E-02  3.40957E-02  3.00494E-02  3.44743E-02  2.78168E-02  3.54066E-02  2.59462E-02  2.78917E-02  1.00000E-20  1.00000E-20  1.00000E-20  1.00000E-20  1.00000E-20  1.00000E-20  1.00000E-20  1.00000E-20  1.00000E-20  1.00000E-20  1.00000E-20  1.00000E-20  1.00000E-20  1.00000E-20  1.00000E-20  2.10118E-03  2.66049E-03  3.47964E-03  2.24503E-03  2.78272E-03  1.58079E-03  1.90379E-03  1.02084E-03  9.22936E-04  3.08296E-04  7.64975E-05  9.17765E-06  1.02353E-06  7.76823E-08
  7.01164E-08  9.58265E-07  1.42238E-05  2.80384E-03  4.11604E-03  9.47067E-03  9.98982E-03  8.95884E-03  1.28959E-02  9.25792E-03  1.36337E-02  1.03453E-02  1.30150E-02  1.14071E-02  1.23261E-02  1.23796E-02  1.32259E-02  1.24335E-02  1.74607E-02  1.06075E-02  1.00000E-20  1.00000E-20  1.00000E-20  1.00000E-20  1.00000E-20  1.00000E-20  1.00000E-20  1.00000E-20  1.00000E-20  1.00000E-20  1.00000E-20  1.00000E-20  1.00000E-20  2.55804E-03  1.20798E-03  1.13251E-03  1.94199E-03  1.00220E-03  1.64548E-03  5.43626E-04  1.31269E-03  4.73132E-04  6.09120E-04  2.48960E-04  5.31984E-05  8.84437E-06  1.01943E-06  7.76547E-08
  7.01063E-08  9.55851E-07  1.39460E-05  2.22248E-03  4.64777E-03  5.42926E-03  8.45904E-03  8.55659E-03  1.11587E-02  8.85707E-03  1.22130E-02  1.00516E-02  1.16818E-02  1.04389E-02  1.11972E-02  1.15740E-02  1.02465E-02  1.33497E-02  8.51719E-03  5.44458E-03  1.00000E-20  1.00000E-20  1.00000E-20  1.00000E-20  1.00000E-20  1.00000E-20  1.00000E-20  1.00000E-20  1.00000E-20  1.00000E-20  1.00000E-20  1.00000E-20  2.51142E-03  1.41617E-03  9.79566E-04  8.57557E-04  1.08385E-03  7.84765E-04  9.60306E-04  4.76082E-04  8.34251E-04  2.57841E-04  4.08557E-04  1.93130E-04  3.73987E-05  8.29398E-06  1.01119E-06  7.75979E-08
  7.00912E-08  9.52307E-07  1.35756E-05  1.58782E-03  3.15015E-03  3.79772E-03  5.01914E-03  5.01288E-03  6.03738E-03  5.13432E-03  6.63211E-03  5.78327E-03  6.50913E-03  6.06675E-03  6.88158E-03  7.27194E-03  7.37838E-03  1.07777E-02  1.34785E-02  3.37830E-02  1.00000E-20  1.00000E-20  1.00000E-20  1.00000E-20  1.00000E-20  1.00000E-20  1.00000E-20  1.00000E-20  1.00000E-20  1.00000E-20  1.00000E-20  2.40543E-03  1.09681E-03  8.06830E-04  7.45007E-04  6.70156E-04  7.18778E-04  5.97580E-04  6.49018E-04  4.04942E-04  4.99105E-04  2.12927E-04  2.75274E-04  1.44689E-04  2.66902E-05  7.62351E-06  9.98861E-07  7.75106E-08
  7.00703E-08  9.47653E-07  1.31244E-05  1.10859E-03  1.93510E-03  2.53242E-03  2.97943E-03  2.79443E-03  3.09800E-03  2.71823E-03  3.25763E-03  3.01464E-03  3.30649E-03  3.23116E-03  3.75794E-03  3.92277E-03  4.23931E-03  5.56161E-03  6.21260E-03  4.74182E-03  3.50089E-03  1.00000E-20  1.00000E-20  1.00000E-20  1.00000E-20  1.00000E-20  1.00000E-20  1.00000E-20  1.00000E-20  1.00000E-20  2.26357E-03  1.47735E-03  8.75787E-04  6.50634E-04  5.82203E-04  5.26030E-04  5.20413E-04  4.54043E-04  4.70304E-04  3.24132E-04  3.29790E-04  1.74293E-04  1.85735E-04  1.05467E-04  1.92659E-05  6.90760E-06  9.82697E-07  7.73915E-08
  7.00239E-08  9.39915E-07  1.25532E-05  7.32217E-04  1.10243E-03  1.47453E-03  1.74478E-03  1.63094E-03  1.66861E-03  1.54780E-03  1.64579E-03  1.64084E-03  1.68376E-03  1.69177E-03  1.90612E-03  1.89268E-03  2.02695E-03  2.14497E-03  2.31941E-03  2.04017E-03  1.30435E-03  1.00000E-20  1.00000E-20  1.00000E-20  1.00000E-20  1.00000E-20  1.00000E-20  1.00000E-20  1.00000E-20  1.87799E-03  9.62736E-04  7.21923E-04  6.38832E-04  5.11639E-04  4.39173E-04  3.90642E-04  3.65674E-04  3.22658E-04  3.21248E-04  2.37463E-04  2.18303E-04  1.32918E-04  1.17499E-04  7.17333E-05  1.33129E-05  6.02778E-06  9.57127E-07  7.71820E-08
  6.99582E-08  9.28051E-07  1.16637E-05  4.60026E-04  6.87155E-04  8.64472E-04  1.00032E-03  9.87742E-04  9.94149E-04  9.96220E-04  9.72609E-04  1.02554E-03  9.87376E-04  1.00272E-03  1.05478E-03  9.99165E-04  9.51876E-04  7.91928E-04  7.79180E-04  6.22474E-04  3.80753E-04  1.67447E-04  1.00000E-20  1.00000E-20  1.00000E-20  1.00000E-20  1.00000E-20  1.00000E-20  1.46697E-03  9.21486E-04  7.57013E-04  5.70059E-04  4.55651E-04  3.70735E-04  3.04403E-04  2.67754E-04  2.40366E-04  2.11933E-04  2.02346E-04  1.57225E-04  1.34250E-04  9.11585E-05  6.78464E-05  4.33671E-05  8.97116E-06  5.04515E-06  9.21018E-07  7.68755E-08
  6.98631E-08  9.13060E-07  1.07126E-05  2.93647E-04  4.69287E-04  5.75534E-04  6.26537E-04  6.08434E-04  6.02288E-04  6.22874E-04  6.18254E-04  6.76131E-04  6.64857E-04  6.86340E-04  6.74137E-04  6.18229E-04  5.12776E-04  3.80666E-04  3.32385E-04  2.61773E-04  1.81525E-04  1.66169E-04  3.09407E-04  1.00000E-20  1.00000E-20  1.00000E-20  1.00000E-20  2.04948E-03  1.01920E-03  5.96998E-04  5.38782E-04  4.16288E-04  3.12487E-04  2.50856E-04  2.05032E-04  1.77344E-04  1.56264E-04  1.37310E-04  1.27088E-04  1.01781E-04  8.40621E-05  6.09326E-05  4.15665E-05  2.65383E-05  7.01157E-06  4.18269E-06  8.79791E-07  7.64858E-08
  6.97313E-08  8.94820E-07  9.70899E-06  1.84866E-04  3.18722E-04  4.02423E-04  4.32278E-04  4.12943E-04  4.01566E-04  4.06351E-04  4.12834E-04  4.60406E-04  4.64988E-04  4.79910E-04  4.40487E-04  3.93166E-04  2.95226E-04  2.22325E-04  1.94800E-04  1.76250E-04  1.55218E-04  1.81360E-04  2.15478E-04  1.00000E-20  1.00000E-20  1.00000E-20  1.55061E-03  6.24470E-04  8.15219E-04  5.29091E-04  3.75798E-04  2.81106E-04  2.06646E-04  1.62583E-04  1.34528E-04  1.15289E-04  1.00830E-04  8.85416E-05  8.03102E-05  6.57060E-05  5.35637E-05  4.03458E-05  2.71617E-05  1.70115E-05  6.04847E-06  3.44485E-06  8.34918E-07  7.60081E-08
  6.95141E-08  8.69915E-07  8.61881E-06  1.08074E-04  1.89636E-04  2.51080E-04  2.81525E-04  2.80508E-04  2.80437E-04  2.78097E-04  2.83058E-04  3.01918E-04  2.97313E-04  2.97004E-04  2.63225E-04  2.26832E-04  1.74474E-04  1.46375E-04  1.48515E-04  1.64609E-04  1.58005E-04  1.55740E-04  1.56302E-04  1.93850E-03  1.06257E-03  1.98338E-03  9.11757E-04  5.13771E-04  5.29122E-04  3.63734E-04  2.42747E-04  1.73437E-04  1.29454E-04  1.00063E-04  8.38008E-05  7.11535E-05  6.17683E-05  5.41173E-05  4.81479E-05  4.03908E-05  3.28410E-05  2.57229E-05  1.79722E-05  1.11703E-05  4.90669E-06  2.74628E-06  7.80039E-07  7.53279E-08
  6.91790E-08  8.34226E-07  7.20790E-06  5.67849E-05  9.73865E-05  1.33530E-04  1.57048E-04  1.67293E-04  1.73720E-04  1.73629E-04  1.75993E-04  1.78244E-04  1.68518E-04  1.59555E-04  1.39047E-04  1.17131E-04  1.00949E-04  9.81960E-05  1.11648E-04  1.26804E-04  1.14888E-04  1.00429E-04  1.14914E-04  6.07432E-04  4.54334E-04  4.77714E-04  4.52188E-04  3.34305E-04  2.67167E-04  1.94710E-04  1.38956E-04  1.00385E-04  7.87669E-05  6.24577E-05  5.15870E-05  4.34956E-05  3.73071E-05  3.24933E-05  2.84309E-05  2.41685E-05  1.96822E-05  1.57122E-05  1.13550E-05  7.27584E-06  3.70749E-06  2.09802E-06  7.15569E-07  7.44054E-08
  6.87253E-08  7.92355E-07  5.89841E-06  3.08064E-05  4.99554E-05  6.78846E-05  8.15128E-05  9.06974E-05  9.68825E-05  9.86223E-05  9.99057E-05  9.89292E-05  9.21062E-05  8.46849E-05  7.47526E-05  6.53199E-05  6.28476E-05  6.65980E-05  7.66479E-05  8.35665E-05  7.65140E-05  6.97791E-05  8.40490E-05  2.02497E-04  2.22431E-04  2.31239E-04  2.10600E-04  1.77926E-04  1.34280E-04  1.01411E-04  8.02213E-05  6.34119E-05  5.12082E-05  4.20934E-05  3.45822E-05  2.90518E-05  2.45718E-05  2.09884E-05  1.80695E-05  1.54006E-05  1.26368E-05  1.01169E-05  7.52279E-06  5.00674E-06  2.80612E-06  1.59960E-06  6.51614E-07  7.33191E-08
  6.81389E-08  7.45531E-07  4.75455E-06  1.77167E-05  2.71579E-05  3.57134E-05  4.27487E-05  4.82590E-05  5.24537E-05  5.42893E-05  5.52815E-05  5.49268E-05  5.18654E-05  4.84353E-05  4.50582E-05  4.25790E-05  4.38540E-05  4.87197E-05  5.61862E-05  6.01003E-05  5.80474E-05  5.59945E-05  6.11536E-05  9.25146E-05  1.07036E-04  1.19316E-04  1.03699E-04  9.09650E-05  7.13978E-05  5.71384E-05  4.85370E-05  4.17058E-05  3.51933E-05  2.97613E-05  2.48268E-05  2.06742E-05  1.73071E-05  1.45920E-05  1.23698E-05  1.04939E-05  8.62745E-06  6.89200E-06  5.22440E-06  3.60640E-06  2.15489E-06  1.22104E-06  5.89760E-07  7.20745E-08
  6.74109E-08  6.95415E-07  3.80506E-06  1.09374E-05  1.59810E-05  2.02651E-05  2.39563E-05  2.70202E-05  2.96133E-05  3.10673E-05  3.19406E-05  3.23722E-05  3.16534E-05  3.09831E-05  3.07880E-05  3.15463E-05  3.43799E-05  3.95161E-05  4.55228E-05  4.85304E-05  4.85932E-05  4.75678E-05  4.72839E-05  5.11985E-05  5.74889E-05  6.36591E-05  5.61612E-05  4.80391E-05  4.07331E-05  3.50775E-05  3.13331E-05  2.82614E-05  2.50541E-05  2.16486E-05  1.83714E-05  1.53422E-05  1.28427E-05  1.07311E-05  8.97727E-06  7.53469E-06  6.20254E-06  4.93835E-06  3.78088E-06  2.70447E-06  1.68232E-06  9.46450E-07  5.31082E-07  7.06813E-08
  6.64254E-08  6.38189E-07  2.98039E-06  6.97314E-06  9.68806E-06  1.18250E-05  1.37230E-05  1.53185E-05  1.68423E-05  1.79091E-05  1.87109E-05  1.95504E-05  2.01149E-05  2.09448E-05  2.22120E-05  2.43698E-05  2.78709E-05  3.26769E-05  3.71883E-05  3.93169E-05  3.94598E-05  3.79600E-05  3.56591E-05  3.34535E-05  3.23256E-05  3.43758E-05  3.11590E-05  2.64061E-05  2.37987E-05  2.19197E-05  2.03779E-05  1.90630E-05  1.74245E-05  1.54134E-05  1.33544E-05  1.13251E-05  9.51246E-06  7.95819E-06  6.62170E-06  5.48897E-06  4.51356E-06  3.59110E-06  2.76948E-06  2.04292E-06  1.30962E-06  7.34520E-07  4.70223E-07  6.89590E-08
  6.51067E-08  5.73463E-07  2.26988E-06  4.53244E-06  6.05272E-06  7.18624E-06  8.22870E-06  9.13257E-06  1.00524E-05  1.08283E-05  1.15252E-05  1.23612E-05  1.32440E-05  1.44596E-05  1.60665E-05  1.83475E-05  2.14396E-05  2.49639E-05  2.78666E-05  2.91288E-05  2.90255E-05  2.76027E-05  2.51812E-05  2.22764E-05  1.94126E-05  1.93281E-05  1.78565E-05  1.57965E-05  1.42042E-05  1.37008E-05  1.32316E-05  1.26469E-05  1.17689E-05  1.06983E-05  9.47634E-06  8.19063E-06  6.95660E-06  5.86481E-06  4.88382E-06  4.02361E-06  3.28369E-06  2.61999E-06  2.02681E-06  1.52467E-06  1.01468E-06  5.71875E-07  4.08251E-07  6.68585E-08
  6.35734E-08  5.11191E-07  1.75059E-06  3.14758E-06  4.07221E-06  4.73833E-06  5.36969E-06  5.94658E-06  6.53298E-06  7.10449E-06  7.66241E-06  8.35254E-06  9.16974E-06  1.02238E-05  1.15868E-05  1.33827E-05  1.55815E-05  1.78511E-05  1.95812E-05  2.02678E-05  2.00479E-05  1.89675E-05  1.71815E-05  1.50442E-05  1.28984E-05  1.19251E-05  1.11797E-05  1.02418E-05  9.42187E-06  9.01802E-06  8.90398E-06  8.62782E-06  8.13584E-06  7.53777E-06  6.80402E-06  5.98743E-06  5.15838E-06  4.39052E-06  3.68233E-06  3.03299E-06  2.46005E-06  1.97034E-06  1.53220E-06  1.17039E-06  7.97805E-07  4.59512E-07  3.53068E-07  6.45993E-08
  6.16802E-08  4.48136E-07  1.34312E-06  2.23452E-06  2.80603E-06  3.20900E-06  3.60209E-06  3.97864E-06  4.35932E-06  4.77019E-06  5.18994E-06  5.69960E-06  6.31343E-06  7.06568E-06  8.01281E-06  9.18586E-06  1.05222E-05  1.18063E-05  1.27329E-05  1.30715E-05  1.28803E-05  1.22261E-05  1.11866E-05  9.94219E-06  8.69220E-06  7.71616E-06  7.22892E-06  6.77650E-06  6.35049E-06  6.03442E-06  5.97760E-06  5.84637E-06  5.57635E-06  5.23229E-06  4.80298E-06  4.29769E-06  3.76311E-06  3.23571E-06  2.74043E-06  2.27511E-06  1.85349E-06  1.48651E-06  1.17034E-06  9.04233E-07  6.29429E-07  3.69591E-07  3.00411E-07  6.19845E-08
  5.90125E-08  3.77168E-07  9.86384E-07  1.53170E-06  1.86626E-06  2.10020E-06  2.33528E-06  2.56997E-06  2.80658E-06  3.07499E-06  3.35666E-06  3.68189E-06  4.05978E-06  4.50555E-06  5.03663E-06  5.64986E-06  6.29973E-06  6.89319E-06  7.31258E-06  7.47280E-06  7.38660E-06  7.09595E-06  6.63617E-06  6.06091E-06  5.45118E-06  4.88599E-06  4.49398E-06  4.24852E-06  4.02188E-06  3.81806E-06  3.76791E-06  3.71017E-06  3.57375E-06  3.38760E-06  3.15907E-06  2.87764E-06  2.56206E-06  2.23352E-06  1.91780E-06  1.61482E-06  1.32910E-06  1.07399E-06  8.57181E-07  6.73327E-07  4.81233E-07  2.90785E-07  2.44366E-07  5.85222E-08
  5.52465E-08  3.00787E-07  6.88151E-07  1.00256E-06  1.18749E-06  1.31694E-06  1.44960E-06  1.58489E-06  1.72329E-06  1.87388E-06  2.03480E-06  2.21067E-06  2.40443E-06  2.62424E-06  2.86896E-06  3.13709E-06  3.40283E-06  3.63973E-06  3.80846E-06  3.88192E-06  3.86021E-06  3.75589E-06  3.58114E-06  3.35362E-06  3.09612E-06  2.83609E-06  2.60905E-06  2.46538E-06  2.34673E-06  2.23380E-06  2.20503E-06  2.18196E-06  2.11768E-06  2.02367E-06  1.91342E-06  1.77227E-06  1.60403E-06  1.42230E-06  1.23976E-06  1.06206E-06  8.91556E-07  7.32567E-07  5.93283E-07  4.77505E-07  3.50335E-07  2.17578E-07  1.87270E-07  5.39347E-08
  4.99735E-08  2.23692E-07  4.50569E-07  6.15612E-07  7.08945E-07  7.74426E-07  8.41844E-07  9.10739E-07  9.80684E-07  1.05267E-06  1.12905E-06  1.20720E-06  1.28790E-06  1.37483E-06  1.46693E-06  1.56129E-06  1.65242E-06  1.73255E-06  1.79168E-06  1.82391E-06  1.82708E-06  1.80224E-06  1.75033E-06  1.67542E-06  1.58244E-06  1.47826E-06  1.37552E-06  1.30315E-06  1.24328E-06  1.18789E-06  1.17536E-06  1.16470E-06  1.13610E-06  1.09210E-06  1.04466E-06  9.81644E-07  9.04046E-07  8.17580E-07  7.25621E-07  6.35403E-07  5.47199E-07  4.62491E-07  3.84186E-07  3.16102E-07  2.40140E-07  1.53913E-07  1.32715E-07  4.78742E-08
  4.25266E-08  1.50010E-07  2.66237E-07  3.40142E-07  3.80262E-07  4.08067E-07  4.36230E-07  4.64359E-07  4.91983E-07  5.18606E-07  5.45829E-07  5.72015E-07  5.97913E-07  6.23984E-07  6.51005E-07  6.77737E-07  7.03426E-07  7.25901E-07  7.44135E-07  7.55727E-07  7.60352E-07  7.57198E-07  7.45315E-07  7.24876E-07  6.96776E-07  6.62095E-07  6.25319E-07  5.96469E-07  5.70590E-07  5.47049E-07  5.40013E-07  5.34535E-07  5.23738E-07  5.05631E-07  4.88058E-07  4.65073E-07  4.36858E-07  4.03475E-07  3.67403E-07  3.29509E-07  2.92553E-07  2.56105E-07  2.20844E-07  1.87909E-07  1.48702E-07  9.99881E-08  8.39177E-08  3.97799E-08
  3.34257E-08  9.15906E-08  1.43873E-07  1.72397E-07  1.86991E-07  1.96718E-07  2.06222E-07  2.15336E-07  2.23877E-07  2.31677E-07  2.39217E-07  2.46269E-07  2.53131E-07  2.59964E-07  2.67000E-07  2.73855E-07  2.80328E-07  2.86107E-07  2.90569E-07  2.93490E-07  2.94725E-07  2.93697E-07  2.90346E-07  2.84381E-07  2.75932E-07  2.65203E-07  2.53915E-07  2.44149E-07  2.34442E-07  2.25622E-07  2.21661E-07  2.18991E-07  2.15124E-07  2.09032E-07  2.02071E-07  1.95035E-07  1.86247E-07  1.75704E-07  1.63585E-07  1.50698E-07  1.37166E-07  1.24158E-07  1.11192E-07  9.84971E-08  8.18829E-08  5.89777E-08  4.84309E-08  3.03840E-08
  2.42976E-08  5.27261E-08  7.39413E-08  8.37943E-08  8.84575E-08  9.13826E-08  9.41107E-08  9.65931E-08  9.87813E-08  1.00634E-07  1.02270E-07  1.03758E-07  1.05247E-07  1.06645E-07  1.08154E-07  1.09693E-07  1.10959E-07  1.12180E-07  1.12891E-07  1.13373E-07  1.13275E-07  1.12687E-07  1.11387E-07  1.09388E-07  1.06629E-07  1.03179E-07  9.95700E-08  9.61881E-08  9.26996E-08  8.92489E-08  8.71627E-08  8.56771E-08  8.42933E-08  8.24794E-08  7.99891E-08  7.75751E-08  7.50532E-08  7.21027E-08  6.85743E-08  6.45782E-08  6.03529E-08  5.58877E-08  5.16782E-08  4.74447E-08  4.14951E-08  3.22893E-08  2.69913E-08  2.13889E-08
  1.63243E-08  2.88836E-08  3.66618E-08  3.96970E-08  4.09903E-08  4.17300E-08  4.23714E-08  4.29024E-08  4.33115E-08  4.35890E-08  4.37275E-08  4.38193E-08  4.39168E-08  4.40321E-08  4.40821E-08  4.42452E-08  4.43086E-08  4.43244E-08  4.42762E-08  4.41022E-08  4.38484E-08  4.34208E-08  4.28386E-08  4.20492E-08  4.10754E-08  3.98801E-08  3.86159E-08  3.73865E-08  3.61127E-08  3.47788E-08  3.37120E-08  3.30077E-08  3.23703E-08  3.18131E-08  3.11053E-08  3.02288E-08  2.94197E-08  2.86356E-08  2.77190E-08  2.66323E-08  2.54083E-08  2.41123E-08  2.27442E-08  2.14491E-08  1.96052E-08  1.64630E-08  1.46368E-08  1.38786E-08
  1.01136E-08  1.50366E-08  1.75872E-08  1.83875E-08  1.86724E-08  1.88044E-08  1.88959E-08  1.89439E-08  1.89456E-08  1.88988E-08  1.88017E-08  1.86529E-08  1.84603E-08  1.82949E-08  1.81586E-08  1.79741E-08  1.78192E-08  1.76579E-08  1.74465E-08  1.72617E-08  1.70285E-08  1.67750E-08  1.64827E-08  1.61465E-08  1.57669E-08  1.53341E-08  1.48569E-08  1.43943E-08  1.39284E-08  1.34425E-08  1.29358E-08  1.25309E-08  1.22400E-08  1.19770E-08  1.17459E-08  1.15241E-08  1.12464E-08  1.09896E-08  1.07604E-08  1.05177E-08  1.02333E-08  9.90397E-09  9.55824E-09  9.19178E-09  8.65361E-09  7.80295E-09  7.42542E-09  8.25231E-09
  5.37824E-09  6.68829E-09  7.23658E-09  7.34506E-09  7.36079E-09  7.35275E-09  7.33307E-09  7.30126E-09  7.25685E-09  7.19944E-09  7.12874E-09  7.04453E-09  6.94659E-09  6.83482E-09  6.70923E-09  6.57224E-09  6.42555E-09  6.26922E-09  6.10615E-09  5.94775E-09  5.79970E-09  5.64504E-09  5.48830E-09  5.34245E-09  5.19228E-09  5.04194E-09  4.89648E-09  4.74474E-09  4.59613E-09  4.44080E-09  4.29060E-09  4.14731E-09  4.00539E-09  3.86184E-09  3.71721E-09  3.58383E-09  3.47920E-09  3.39366E-09  3.33350E-09  3.28972E-09  3.24844E-09  3.21125E-09  3.17675E-09  3.15244E-09  3.12202E-09  3.04745E-09  3.01939E-09  4.03003E-09
